gps: 0.005, [0.001, 0.01],
gyro_1: 0.001, [0.0001, 0.01],
gyro_2: 0.001, [0.0001, 0.01],
rtc: 0.0001, [0.00005, 0.0002],
str_1: 0.001, [0.00005, 0.004],
str_2: 0.001, [0.00005, 0.004],
thr_1: 0.02, [0.01, 0.03],
thr_2: 0.02, [0.01, 0.03],
thr_3: 0.02, [0.01, 0.03],
thr_4: 0.02, [0.01, 0.03],
thr_5: 0.02, [0.01, 0.03],
thr_6: 0.02, [0.01, 0.03],
thr_7: 0.02, [0.01, 0.03],
thr_8: 0.02, [0.01, 0.03],
tle: 0.001, [0.0005, 0.0015]